60
60
60
61
61
61
61
64
64
68
68
71
71
73
77
77
77
77
79
79
79
82
83
83
85
85
86
86
87
87
89
89
91
91
92
92
93
93
95
95
94
94
96
96
97
97
98
98
98
98
99
99
99
99
100
100
100
100
101
101
101
102
102
103
103
101
101
100
100
100
100
99
99
98
98
96
96
95
95
94
94
93
93
92
92
91
91
90
90
90
90
89
89
86
86
85
85
83
83
81
81
79
79
77
77
75
75
73
73
70
70
68
68
66
66
64
64
63
63
62
62
59
57
57
54
54
53
53
50
50
49
49
46
46
45
45
42
42
41
41
39
39
38
38
36
36
35
35
33
33
32
32
30
30
29
29
27
27
26
26
25
25
24
24
23
23
22
22
22
22
22
22
21
21
20
20
20
20
20
20
20
20
20
20
20
21
21
21
21
21
21
21
21
22
22
23
23
24
24
25
25
26
27
27
28
28
29
29
32
32
32
32
35
35
36
36
37
37
38
38
40
40
41
41
47
47
48
48
49
49
50
50
53
53
54
54
56
56
58
58
